Populating the queens...
Dimension is too large to display grid. Only text will be shown, however you will see the attributes of the population at the end of the simulation.
Simulating....
Removing Duplicates
93 duplicates removed
Printing Optimal Solution...

Execution time taken: 1:0:27:45.99 seconds
Generations: 4303431
Population Size: 100
Dimension: 5000
Attributes: { Fitness: 0, Positions: [1797, 3201, 2585, 2528, 3890, 4052, 4764, 3460, 3686, 3925, 1422, 3552, 710, 469, 42, 1571, 4463, 2595, 3488, 3527, 4026, 4449, 261, 2537, 1643, 2717, 4179, 3390, 2360, 1351, 1088, 287, 1700, 65, 1676, 1231, 3455, 1205, 3003, 3621, 2635, 2743, 3339, 3837, 4776, 422, 3653, 3336, 1593, 3139, 2257, 832, 3314, 2047, 4248, 2224, 1228, 2403, 3337, 1413, 2631, 1666, 97, 1255, 4504, 1715, 4453, 3131, 2110, 3851, 1999, 319, 4013, 2219, 2932, 397, 1480, 3419, 3661, 4721, 3418, 3934, 2809, 3524, 3857, 3312, 1554, 4162, 4830, 1628, 1990, 1596, 455, 2856, 34, 3158, 2974, 247, 3797, 155, 2998, 2934, 2670, 2216, 2440, 3417, 2732, 4317, 3271, 2311, 2430, 2162, 812, 250, 4790, 976, 4962, 4590, 1208, 1401, 3507, 395, 4100, 3531, 2848, 675, 2232, 313, 906, 2731, 3714, 3564, 3194, 1337, 3649, 772, 2847, 3626, 1142, 4467, 2669, 2738, 4749, 2625, 4256, 398, 1363, 720, 3912, 4835, 1945, 4531, 1375, 3246, 1576, 3692, 4173, 1616, 3522, 4584, 550, 1094, 1757, 3065, 3707, 2826, 3993, 4101, 4932, 3612, 2030, 4518, 724, 4934, 4471, 2530, 804, 2950, 3822, 1289, 396, 3078, 2428, 1334, 4193, 1957, 4389, 4169, 1829, 1335, 574, 1260, 2001, 96, 489, 2798, 3388, 1733, 3188, 3409, 4024, 296, 7, 4156, 3498, 2487, 2554, 651, 4379, 4623, 2742, 594, 4166, 2697, 3767, 1304, 2803, 29, 3858, 4273, 701, 2205, 4109, 4537, 1738, 1395, 4683, 981, 3648, 4650, 4191, 784, 1954, 3547, 2266, 1347, 1164, 764, 1484, 4428, 2091, 943, 1684, 2850, 419, 3400, 4659, 4347, 1498, 2453, 1658, 3097, 1329, 1056, 4386, 3244, 4259, 1486, 4466, 1877, 2681, 1230, 3192, 3972, 858, 4395, 3446, 4824, 1986, 1665, 4625, 1974, 2371, 1659, 2151, 829, 3453, 2307, 4075, 3521, 1714, 3875, 2342, 2884, 3356, 2632, 3384, 1566, 3476, 4287, 4567, 2148, 4841, 790, 4239, 1061, 852, 4961, 1364, 2114, 4164, 3814, 2640, 1488, 3689, 2475, 4204, 4137, 3608, 4473, 2557, 2265, 1166, 3906, 1392, 1746, 732, 1662, 131, 4306, 4393, 2496, 4534, 2071, 3543, 4116, 2613, 3216, 4948, 2901, 2771, 2615, 2906, 10, 4675, 2435, 760, 666, 3793, 2367, 2423, 2787, 2211, 3603, 1160, 3277, 2507, 2523, 1213, 2966, 1517, 4954, 1904, 1801, 3712, 4431, 1944, 2975, 2280, 1030, 2666, 1374, 423, 2366, 2332, 886, 3811, 405, 4635, 2201, 1735, 1751, 2474, 3324, 1927, 2270, 445, 3745, 1300, 217, 3245, 4400, 694, 76, 661, 4786, 2506, 2377, 3477, 486, 2754, 3741, 4561, 3536, 1528, 4070, 1143, 3698, 3438, 2938, 1792, 3057, 4602, 554, 2591, 2757, 4520, 2301, 1243, 415, 3369, 1898, 2222, 2175, 1497, 521, 1703, 3996, 188, 4434, 4034, 35, 2427, 3408, 3293, 3305, 895, 3987, 533, 1360, 2935, 91, 2521, 526, 1333, 1078, 3643, 3825, 3347, 4360, 3856, 3005, 1179, 4480, 2009, 1538, 3607, 1499, 3030, 4708, 2075, 4560, 3506, 4598, 4142, 1842, 1331, 917, 4924, 1227, 280, 3772, 3345, 4527, 4995, 2302, 891, 1348, 1820, 835, 3571, 356, 4734, 1460, 2399, 3924, 972, 1132, 3215, 2546, 2652, 3165, 2434, 3198, 611, 4207, 1551, 2309, 3310, 2942, 1644, 3335, 129, 3508, 4865, 198, 1265, 2134, 2715, 2153, 1805, 2725, 2804, 4551, 3236, 4159, 1109, 3505, 2269, 3144, 1490, 417, 2390, 765, 2734, 4336, 633, 1611, 4921, 4125, 3143, 197, 4608, 3579, 2070, 2844, 1540, 2306, 3140, 3290, 612, 4992, 388, 3053, 4911, 2204, 4285, 1158, 3308, 2374, 2089, 3254, 1856, 1259, 2953, 4203, 3425, 3641, 1743, 1467, 1784, 1221, 4043, 3475, 3864, 37, 1701, 3791, 1037, 2493, 4326, 4566, 143, 2218, 3021, 14, 2680, 897, 3371, 122, 3792, 1693, 2099, 2464, 1590, 2329, 4699, 4011, 449, 1920, 960, 1448, 1632, 3962, 2860, 3125, 410, 2167, 3701, 798, 3175, 4800, 1042, 4880, 1291, 4211, 1621, 4632, 83, 2184, 2462, 1961, 1188, 1923, 4645, 3054, 1858, 1546, 752, 3601, 975, 808, 3330, 2106, 2794, 899, 1827, 2310, 2802, 3431, 66, 4104, 4414, 642, 3838, 1140, 2812, 3746, 1038, 2608, 2999, 2925, 404, 1948, 2611, 3611, 3206, 3106, 2012, 2048, 297, 2373, 850, 2954, 1598, 3381, 2849, 3141, 3348, 3844, 3263, 1758, 2161, 3832, 1716, 1296, 3217, 1921, 3120, 4311, 1996, 4877, 58, 1277, 1882, 641, 2622, 1203, 142, 1062, 819, 4321, 4388, 4035, 4552, 4938, 2542, 3681, 673, 1341, 946, 52, 3127, 2394, 4997, 1016, 2325, 3447, 1193, 1696, 646, 1198, 2973, 2822, 4423, 2726, 658, 523, 3914, 4678, 3984, 3316, 2085, 4991, 1886, 203, 2131, 2727, 2531, 1171, 1849, 1834, 2796, 2612, 1356, 1570, 4876, 1236, 3376, 2458, 3747, 3232, 3394, 2564, 2024, 1199, 926, 4987, 271, 4907, 4558, 818, 4594, 3700, 5, 1072, 4807, 2261, 1683, 2032, 4636, 118, 3820, 4018, 3060, 3910, 753, 3301, 2418, 2027, 3980, 3359, 3429, 3470, 3128, 2376, 3283, 4838, 3947, 930, 1508, 1960, 4375, 1449, 3322, 1649, 3084, 3203, 1988, 3207, 2944, 78, 984, 1522, 2820, 4030, 2562, 707, 2207, 3151, 4661, 257, 2180, 3786, 4226, 1182, 668, 4322, 2676, 3702, 464, 3154, 1458, 2808, 2473, 2093, 3108, 2406, 1624, 2987, 3734, 2450, 2512, 4651, 4300, 538, 1049, 2683, 358, 2939, 2468, 4420, 491, 1145, 1603, 4743, 3758, 2448, 2926, 2722, 3092, 3683, 1725, 3209, 4501, 2762, 367, 2985, 112, 613, 3616, 2078, 4181, 1014, 3382, 3478, 919, 62, 3513, 840, 2708, 3211, 815, 2878, 748, 3008, 1609, 1485, 2702, 2643, 3796, 1721, 1556, 3594, 440, 2296, 1404, 846, 2741, 669, 3265, 3454, 1434, 1295, 372, 604, 766, 4750, 229, 2887, 3762, 2956, 4477, 2641, 3627, 4304, 4524, 4585, 4493, 4148, 3372, 4438, 2943, 4695, 174, 2171, 3640, 2145, 2469, 4390, 2081, 2737, 2785, 2152, 3881, 3732, 2695, 1496, 1225, 4331, 4621, 330, 3365, 866, 990, 2150, 3492, 1713, 2178, 2400, 4364, 3167, 373, 1035, 1931, 2353, 279, 4986, 3133, 4507, 2882, 389, 2598, 215, 3704, 1159, 2513, 3038, 2225, 4087, 1675, 4956, 2898, 1825, 3208, 1420, 3779, 2665, 3457, 1947, 1589, 652, 2042, 2256, 1933, 303, 1939, 1767, 2948, 2274, 1445, 3808, 3, 3350, 1106, 3002, 1155, 4305, 49, 74, 2068, 4253, 771, 56, 4245, 3142, 2499, 3094, 4272, 3467, 119, 697, 80, 4864, 4443, 2961, 1323, 117, 1614, 3920, 4455, 3296, 4845, 4603, 13, 4001, 3442, 312, 2976, 1001, 4047, 1361, 172, 1105, 2911, 4003, 4916, 4031, 1224, 3191, 1340, 1875, 407, 232, 3116, 3016, 4693, 2182, 4669, 1045, 4641, 1433, 1387, 3282, 4126, 3223, 3333, 1074, 1651, 3723, 2776, 4132, 1216, 4269, 154, 1591, 4309, 3256, 4042, 4422, 4351, 4702, 813, 4341, 576, 2026, 2297, 3398, 1580, 75, 3295, 1853, 2488, 3291, 2900, 1771, 1279, 4985, 3071, 4019, 842, 31, 1759, 3853, 4409, 4914, 1864, 3619, 2263, 3688, 653, 2657, 3261, 3386, 2303, 1239, 1755, 3740, 4077, 1013, 1654, 3624, 1550, 2446, 3598, 1428, 2062, 676, 3063, 1619, 3676, 1194, 791, 2857, 3931, 4657, 2566, 1033, 3800, 3111, 1388, 4758, 2525, 298, 4763, 4271, 4722, 1052, 3568, 4737, 820, 4063, 3520, 2964, 803, 631, 2011, 3983, 4879, 2637, 4745, 2852, 2411, 3444, 918, 4754, 274, 2436, 1869, 4033, 3221, 2277, 1372, 4600, 2136, 4535, 3075, 300, 3178, 1884, 3149, 2889, 2238, 3650, 2832, 1535, 1575, 966, 3368, 4120, 624, 3706, 3961, 3892, 430, 2866, 1810, 1009, 2587, 1583, 3663, 3549, 629, 4583, 4515, 3412, 4727, 991, 2996, 1889, 950, 4541, 1468, 2217, 2407, 4827, 1964, 114, 497, 3593, 4704, 1573, 2441, 1176, 205, 4095, 2710, 4062, 3613, 2095, 1763, 248, 460, 2177, 4881, 1937, 4323, 2648, 4484, 1672, 1099, 854, 860, 3121, 4575, 244, 2037, 3986, 161, 4487, 4528, 4860, 3272, 2538, 2125, 4834, 1391, 937, 3274, 4753, 636, 3718, 3199, 1268, 474, 3743, 3923, 2457, 68, 450, 1192, 4308, 4328, 952, 2703, 3645, 3161, 3423, 2231, 4296, 743, 4691, 1529, 1524, 1819, 3173, 2749, 1844, 4577, 1206, 71, 4270, 699, 2806, 4055, 451, 1504, 834, 4334, 3009, 3813, 553, 1430, 635, 3403, 717, 3577, 2288, 3905, 4376, 2903, 2227, 1201, 3656, 2351, 916, 4489, 1151, 4464, 2765, 4307, 3242, 1168, 4891, 4281, 4512, 3958, 3956, 1156, 4170, 181, 2169, 1561, 3678, 1936, 4139, 1394, 3596, 3327, 3048, 1631, 2972, 3765, 2452, 3011, 1640, 4894, 671, 2022, 4004, 2784, 2679, 905, 3413, 1180, 2682, 4741, 3557, 1928, 1186, 2443, 4385, 801, 2115, 2455, 3440, 234, 2660, 1843, 1976, 4476, 1493, 102, 4728, 4299, 2354, 1492, 2128, 1177, 2571, 341, 4460, 853, 989, 210, 4666, 3660, 1101, 242, 908, 46, 1134, 4022, 1532, 3553, 2772, 2910, 1867, 1451, 1924, 4044, 1670, 1513, 54, 1772, 522, 82, 4485, 4369, 1232, 3096, 617, 3370, 9, 2174, 1450, 4823, 3268, 592, 2843, 2777, 2949, 1808, 4546, 4578, 939, 4340, 4298, 806, 3222, 2604, 578, 4850, 2018, 3810, 429, 1760, 488, 4201, 3655, 4050, 4700, 2159, 4213, 4713, 2881, 3795, 180, 2472, 2709, 1530, 1940, 4149, 4255, 1547, 3280, 3719, 4352, 3200, 2924, 3090, 2678, 4711, 461, 2988, 1298, 149, 2811, 3877, 953, 4462, 4620, 1135, 4571, 4198, 1089, 1989, 3495, 1918, 3835, 3518, 2491, 1585, 2381, 3183, 2126, 1190, 458, 1608, 1093, 1515, 95, 4221, 2579, 562, 2559, 390, 4814, 2781, 4963, 3878, 2154, 1620, 4045, 4313, 1740, 3748, 900, 1396, 2963, 4606, 4970, 3483, 385, 4633, 2940, 1826, 3383, 2739, 3020, 2017, 1272, 3829, 534, 2994, 2370, 547, 4523, 3727, 4959, 1085, 3604, 1029, 4097, 3927, 660, 351, 783, 3136, 828, 3332, 2002, 4875, 4615, 3590, 2829, 3674, 1908, 4887, 3494, 79, 1073, 1730, 2279, 2690, 1638, 3066, 392, 2470, 756, 3976, 632, 169, 1123, 55, 1144, 166, 4058, 2984, 4367, 329, 4176, 4065, 2365, 101, 2029, 2375, 1502, 2347, 3542, 839, 3474, 2659, 2483, 192, 1533, 259, 3749, 869, 2271, 967, 2484, 348, 157, 273, 1419, 2170, 2046, 3667, 1463, 3668, 1148, 2837, 2364, 1111, 3093, 4115, 2041, 3156, 1723, 998, 4592, 3953, 3130, 1403, 3915, 2526, 4953, 1521, 1612, 1599, 3297, 2835, 1067, 4698, 375, 4224, 3538, 494, 1378, 3357, 2260, 1903, 4939, 4402, 4548, 4639, 1888, 4668, 1138, 3162, 420, 2716, 3172, 693, 4890, 788, 601, 889, 541, 3637, 933, 4927, 1063, 4572, 4279, 942, 1518, 1799, 3392, 751, 2799, 2642, 2873, 3673, 4447, 1058, 1953, 1671, 3897, 596, 598, 2628, 655, 1121, 2767, 1027, 1692, 1131, 4119, 744, 685, 3992, 921, 4634, 2582, 4073, 1512, 2369, 1754, 3019, 2350, 4222, 3778, 3233, 1765, 3501, 2181, 575, 2036, 4478, 1539, 4903, 260, 4549, 909, 2957, 4682, 3550, 500, 2508, 4332, 4238, 4419, 51, 2254, 2124, 2861, 228, 1253, 3680, 4818, 463, 4554, 1133, 240, 4781, 4396, 251, 1968, 44, 3486, 2454, 1086, 1481, 3362, 2989, 782, 539, 4387, 4129, 2995, 1965, 542, 3186, 1270, 507, 4828, 4797, 4335, 2461, 535, 394, 1095, 3861, 4227, 2172, 2890, 2149, 2677, 462, 4893, 1385, 1750, 147, 4539, 4671, 3000, 4868, 4936, 2544, 1284, 438, 3929, 733, 162, 4481, 3921, 3785, 3363, 4837, 2040, 2101, 1167, 3331, 4978, 3387, 3195, 104, 3269, 399, 490, 4427, 2183, 289, 2902, 1126, 3788, 3499, 2563, 4020, 735, 3458, 144, 2439, 1314, 3464, 2633, 2965, 1592, 4576, 443, 2396, 4550, 3448, 359, 1506, 360, 135, 3919, 659, 1218, 3510, 4915, 4383, 3366, 2035, 4982, 4228, 4288, 4998, 3780, 3170, 951, 3728, 1004, 726, 2543, 510, 24, 245, 4185, 1399, 1482, 2729, 3482, 3189, 4931, 127, 2272, 1280, 877, 69, 1313, 1465, 2318, 1572, 3635, 3023, 4624, 2340, 3214, 2120, 1821, 2065, 657, 1587, 230, 1358, 4486, 2721, 2282, 3434, 3437, 2560, 3231, 4819, 3329, 807, 3916, 3644, 219, 258, 3685, 1023, 987, 4752, 4878, 196, 1809, 2405, 1742, 2868, 3471, 4174, 4135, 4280, 1594, 2003, 3940, 4958, 3555, 968, 175, 25, 2605, 1264, 338, 1209, 212, 1623, 705, 4735, 3753, 64, 2420, 484, 1646, 2025, 2344, 3777, 1586, 1408, 413, 2208, 3416, 857, 2706, 4076, 802, 4134, 1487, 844, 93, 3168, 4642, 1441, 4312, 2061, 187, 2797, 1402, 513, 4689, 4294, 1818, 3595, 2879, 4283, 3323, 2838, 4349, 323, 3885, 600, 2273, 1321, 809, 4108, 545, 1815, 728, 4254, 1597, 1885, 3091, 316, 1269, 2290, 4918, 4780, 209, 4609, 1925, 435, 2758, 1426, 3248, 4570, 4719, 4696, 1324, 1577, 334, 2251, 4508, 4676, 401, 2142, 4391, 2008, 1741, 94, 1992, 19, 2618, 2675, 126, 1294, 2568, 3871, 6, 1108, 4905, 424, 1686, 1845, 2830, 1850, 718, 2267, 2188, 4793, 4768, 2699, 2920, 1170, 43, 1895, 3516, 3576, 4706, 779, 2968, 4217, 1410, 4234, 1476, 4779, 503, 4514, 1354, 4122, 3240, 3164, 4130, 4952, 1902, 3572, 8, 985, 2389, 4210, 2276, 4836, 2912, 4408, 4041, 643, 605, 3098, 2823, 2363, 1359, 1018, 875, 932, 568, 121, 3799, 1718, 2503, 885, 3484, 3385, 1191, 183, 793, 4358, 519, 2518, 27, 1934, 3669, 153, 357, 3294, 640, 3012, 1301, 4885, 4140, 3450, 1980, 87, 1263, 830, 3083, 1346, 2509, 529, 2495, 2505, 308, 2736, 3588, 3565, 1914, 3750, 30, 1128, 1655, 2100, 1558, 2051, 1478, 3037, 314, 3137, 4559, 2658, 4744, 444, 3241, 3831, 136, 1979, 11, 2606, 2570, 18, 3153, 936, 2719, 528, 716, 3803, 3819, 622, 2766, 2191, 4751, 4816, 1100, 1674, 2286, 4082, 2186, 335, 708, 3809, 3284, 1475, 4067, 4825, 923, 1762, 2304, 3503, 325, 3138, 1322, 4165, 4902, 4898, 3302, 12, 1955, 1452, 3258, 4660, 100, 787, 512, 4742, 1891, 2387, 3898, 3343, 3346, 501, 1653, 563, 3378, 2769, 291, 302, 4925, 2479, 1010, 577, 1282, 3104, 3815, 2971, 480, 4205, 4847, 3551, 2104, 1008, 1044, 2805, 4407, 3867, 103, 216, 4861, 2255, 506, 1817, 1970, 3109, 1247, 1975, 4440, 1505, 706, 2929, 2383, 4573, 59, 2206, 1736, 4497, 763, 4439, 4545, 3380, 72, 4, 3073, 2527, 4071, 2173, 627, 614, 4723, 1362, 4795, 1635, 21, 307, 1120, 2117, 2185, 2190, 969, 690, 862, 3879, 111, 120, 4981, 2517, 4068, 3652, 1507, 4168, 2233, 4344, 2545, 263, 1661, 3081, 3896, 4757, 1022, 1308, 3672, 393, 1271, 4195, 2983, 386, 4157, 4430, 4186, 4085, 336, 4160, 2345, 2116, 3421, 977, 4794, 3960, 2814, 964, 4973, 4980, 4565, 4889, 1116, 4182, 865, 2592, 1292, 4870, 4297, 1281, 822, 3570, 2212, 864, 1098, 3873, 4032, 1618, 4373, 1020, 479, 2038, 1553, 99, 4007, 340, 3473, 581, 2601, 4851, 434, 4930, 4896, 224, 3059, 2097, 4225, 517, 1257, 2851, 4813, 4829, 4587, 3949, 4040, 2084, 1607, 1162, 3974, 2782, 4746, 227, 1690, 184, 1435, 1344, 2209, 3074, 3889, 1429, 2449, 218, 3737, 1567, 999, 4697, 2247, 502, 223, 1319, 439, 3036, 306, 211, 4547, 38, 4404, 4197, 2074, 1390, 4846, 1712, 3243, 2380, 4804, 4276, 2621, 1709, 4736, 3891, 1173, 4926, 3733, 2667, 3122, 202, 4806, 333, 3150, 582, 3459, 3278, 3079, 4928, 927, 557, 621, 4051, 1113, 1847, 61, 160, 1161, 2094, 4278, 4597, 587, 1641, 948, 3625, 1942, 4232, 1222, 1215, 2610, 3234, 436, 1795, 20, 1949, 4292, 2664, 667, 492, 3107, 1071, 1642, 3435, 3582, 465, 1863, 2432, 4595, 4533, 531, 4664, 3235, 509, 1971, 2050, 1081, 1455, 4593, 3148, 1438, 2515, 3364, 1798, 1601, 3461, 645, 556, 3004, 4200, 4897, 3562, 572, 452, 326, 3069, 1032, 2417, 882, 132, 1183, 2768, 2401, 902, 4121, 4320, 2241, 2112, 827, 4054, 1997, 1306, 4940, 3894, 4435, 3344, 1790, 191, 838, 2315, 3315, 4345, 2295, 2163, 294, 4146, 2049, 3913, 1141, 1912, 770, 60, 3490, 2875, 3279, 4452, 115, 3367, 3286, 1380, 3830, 1870, 4113, 1336, 3525, 4618, 222, 3600, 3321, 1125, 2460, 470, 374, 2728, 644, 3062, 3449, 241, 625, 516, 4733, 817, 2711, 4649, 3396, 3622, 2688, 41, 4832, 609, 4782, 4240, 2691, 369, 1424, 4505, 2990, 2244, 3911, 1781, 1501, 2388, 3903, 836, 4627, 1384, 4017, 1860, 425, 1761, 639, 1031, 4105, 3210, 4049, 3100, 3276, 2916, 4910, 4586, 1059, 2977, 453, 1312, 4964, 1705, 1107, 703, 4426, 4215, 238, 3677, 1274, 1520, 3311, 1584, 689, 4242, 3834, 4118, 3617, 3902, 152, 3690, 3539, 4237, 1011, 2764, 3469, 2058, 1097, 4923, 623, 2158, 762, 384, 777, 992, 738, 2663, 4056, 3752, 4474, 3664, 3771, 4640, 3782, 4919, 3985, 1122, 1076, 3015, 1352, 4187, 1816, 664, 2, 1669, 3801, 3110, 1104, 4945, 4616, 3687, 256, 1373, 141, 2504, 1766, 366, 1219, 2550, 4969, 1531, 2072, 4908, 1564, 4406, 4384, 993, 1325, 3039, 3859, 4235, 28, 1389, 974, 1780, 616, 4557, 704, 1698, 3587, 4674, 3451, 2700, 4275, 4855, 2970, 4081, 3358, 1836, 3287, 1273, 1212, 252, 4413, 3497, 4190, 1041, 3465, 962, 4488, 361, 1115, 84, 4610, 847, 2285, 2045, 2447, 4662, 3410, 1952, 3725, 275, 725, 1525, 2242, 171, 754, 402, 769, 4241, 3034, 721, 3754, 4935, 1345, 1630, 2917, 2928, 4330, 3325, 343, 1233, 1110, 3959, 1477, 3566, 1443, 4350, 4862, 2918, 4574, 1178, 272, 1704, 138, 2867, 3584, 4436, 4904, 3629, 1459, 225, 1617, 4456, 686, 4450, 4778, 4525, 4942, 3146, 3632, 3936, 2753, 4853, 3639, 4380, 2335, 4353, 745, 4425, 1316, 1318, 4644, 1382, 758, 896, 1102, 2662, 1523, 536, 767, 3865, 775, 3174, 3318, 2239, 2316, 3724, 2993, 1963, 915, 363, 4622, 4944, 2836, 4324, 2894, 3658, 3103, 4212, 383, 3860, 4147, 4291, 3406, 1794, 2834, 3202, 4783, 2087, 1749, 2656, 749, 4177, 3452, 299, 4236, 2166, 89, 282, 4469, 2378, 1327, 2982, 988, 4988, 170, 4772, 4628, 411, 467, 281, 4098, 4591, 206, 4361, 4920, 3930, 2044, 3573, 3693, 4580, 128, 1549, 881, 1006, 3942, 4072, 3711, 1000, 4144, 997, 1950, 2870, 1320, 310, 3560, 3018, 1015, 929, 1381, 1776, 4886, 382, 2262, 4111, 1800, 4246, 730, 2712, 4337, 4302, 406, 4617, 2157, 4874, 4277, 3045, 619, 2067, 371, 3840, 4685, 561, 2478, 4999, 1278, 2952, 940, 1680, 1726, 3994, 125, 36, 4372, 4605, 3638, 3027, 4731, 40, 4482, 4310, 4057, 285, 2520, 3739, 2759, 883, 4247, 4316, 4461, 1169, 292, 1204, 3876, 2348, 3220, 4803, 2853, 1866, 4441, 1174, 4014, 4000, 2240, 2922, 1835, 544, 958, 2807, 4123, 400, 3848, 2668, 3114, 220, 1311, 3647, 3088, 2459, 868, 4946, 2779, 3755, 186, 825, 1739, 4526, 4553, 3904, 158, 970, 4415, 665, 2096, 4491, 1633, 3089, 2156, 4327, 3843, 4206, 315, 2978, 3662, 2092, 4658, 3319, 583, 1848, 4092, 2502, 723, 2586, 2614, 4005, 305, 3787, 2054, 2539, 2744, 4079, 2991, 4655, 4002, 4542, 2967, 1053, 433, 2685, 1002, 3102, 4421, 1647, 2490, 4840, 2416, 1503, 3466, 692, 4417, 4475, 3184, 3735, 190, 4314, 487, 1245, 3556, 159, 4178, 4167, 1355, 4432, 4805, 3530, 4882, 566, 4249, 2356, 2907, 165, 4458, 4499, 3631, 4411, 3250, 1423, 2010, 3766, 3225, 1909, 3300, 3026, 156, 3219, 4027, 4498, 4760, 3349, 437, 1238, 4732, 4686, 3816, 2130, 4901, 1293, 207, 4826, 2600, 32, 715, 4429, 1165, 1090, 3354, 3807, 1852, 3884, 3818, 1495, 2617, 243, 569, 3705, 1379, 4784, 2549, 3546, 246, 849, 2083, 2349, 496, 2704, 3605, 4093, 4630, 591, 1055, 50, 759, 3491, 1613, 2060, 4362, 1285, 1195, 1398, 1807, 4263, 3289, 3991, 1542, 1900, 2524, 4153, 1534, 3264, 267, 3468, 3715, 3052, 4849, 233, 3995, 1064, 2888, 1838, 3050, 3928, 2813, 344, 1695, 1839, 1246, 1189, 4128, 134, 2333, 179, 4274, 3056, 4513, 938, 3580, 4103, 317, 4180, 1906, 608, 3422, 3939, 88, 949, 595, 1370, 4410, 1752, 1366, 472, 2268, 2395, 4355, 1258, 4681, 4448, 1046, 3213, 2955, 4470, 355, 2816, 2818, 4979, 237, 3055, 3670, 2846, 3869, 1747, 2872, 1019, 3946, 1494, 833, 3709, 3035, 4833, 796, 1043, 3868, 3541, 1660, 1184, 4766, 2193, 4811, 1220, 3694, 3535, 4143, 2213, 3770, 4789, 1250, 3812, 887, 4629, 2761, 4154, 3761, 4233, 1984, 214, 4701, 1881, 3355, 1627, 4223, 1060, 1376, 3298, 2300, 332, 1406, 2438, 2529, 2855, 2456, 4468, 4871, 277, 4842, 2825, 2409, 4171, 4496, 1824, 2821, 4775, 3533, 4892, 4990, 2577, 2202, 1557, 3028, 73, 4801, 1349, 4917, 2155, 3713, 3716, 2223, 1026, 133, 146, 4785, 1982, 872, 4792, 1414, 2583, 1127, 982, 1383, 3306, 4770, 722, 4257, 328, 1894, 4021, 1444, 4854, 2393, 1066, 2514, 2339, 3006, 1421, 2210, 4046, 2321, 2574, 1083, 123, 2147, 4994, 337, 3933, 195, 1054, 17, 4965, 4670, 620, 2705, 1075, 1124, 3710, 2109, 1873, 935, 4950, 1720, 1237, 2649, 301, 3971, 1699, 2359, 955, 4061, 4025, 3717, 90, 1727, 2043, 4544, 957, 1454, 4445, 2871, 2199, 107, 878, 3007, 3988, 1330, 2000, 698, 1427, 4810, 3101, 4899, 2500, 4929, 4705, 339, 442, 3981, 2581, 2740, 4540, 3299, 4374, 2004, 656, 4479, 4613, 2620, 1907, 2429, 781, 3247, 1880, 2424, 98, 1096, 239, 3046, 485, 391, 4738, 342, 2609, 3657, 3651, 3932, 892, 204, 3982, 1555, 3866, 1737, 3918, 1226, 4809, 2896, 3218, 2827, 3044, 350, 3032, 1637, 3781, 4977, 1872, 647, 570, 150, 959, 378, 2319, 3945, 4712, 2536, 3730, 2516, 558, 2006, 4084, 3872, 4495, 3226, 416, 2629, 4761, 4521, 3067, 3001, 4703, 4399, 2221, 3224, 86, 1286, 2397, 2425, 778, 1261, 590, 2795, 2720, 1283, 2140, 1068, 912, 4127, 4648, 2442, 3863, 1214, 4265, 4342, 1516, 2337, 3177, 3806, 3182, 1625, 1368, 2105, 4536, 1175, 403, 45, 4229, 109, 4006, 3340, 1464, 226, 4771, 3159, 3764, 907, 3239, 4730, 719, 2498, 3703, 322, 3789, 4261, 3155, 268, 4974, 1393, 1677, 1634, 2519, 654, 1648, 377, 1956, 3401, 3169, 3338, 695, 2220, 1814, 3432, 683, 4363, 2892, 2842, 1691, 3545, 81, 821, 368, 2748, 4912, 3874, 1804, 2960, 2230, 2228, 3966, 800, 353, 221, 16, 3328, 379, 4859, 3031, 1431, 3602, 824, 4089, 4532, 4457, 4765, 681, 1491, 3187, 2486, 2322, 3824, 431, 2108, 4091, 1910, 283, 2674, 1036, 3472, 2299, 1197, 3833, 1185, 2402, 2713, 4796, 4647, 3609, 3313, 684, 2865, 4282, 1012, 3428, 1983, 1905, 1440, 3430, 381, 848, 4394, 3123, 26, 2828, 466, 1887, 1307, 713, 1878, 2567, 2139, 349, 2869, 3957, 4506, 4687, 571, 1913, 4264, 2253, 4673, 2696, 2578, 2494, 963, 173, 2930, 1003, 3909, 3828, 1500, 607, 2645, 1841, 1472, 2215, 4454, 262, 845, 2673, 4694, 4319, 23, 1697, 2733, 925, 193, 1234, 4656, 4831, 3086, 1152, 2437, 3970, 1091, 1479, 1070, 110, 185, 3237, 971, 4884, 163, 151, 4519, 863, 1706, 2647, 4684, 1235, 2118, 1146, 4989, 1462, 3443, 2014, 3975, 3634, 2275, 1563, 4124, 4906, 4679, 1287, 3190, 1537, 2234, 757, 1317, 1251, 1876, 3342, 3775, 1288, 2553, 3883, 4867, 4074, 537, 4339, 2874, 3599, 3260, 4955, 3145, 2580, 284, 3578, 3574, 1103, 3695, 4667, 2778, 1248, 2331, 70, 3589, 3964, 761, 2135, 564, 1732, 1868, 311, 2763, 3798, 2572, 3317, 145, 3744, 1689, 3504, 2933, 3722, 2119, 4612, 4564, 2195, 3157, 4756, 1244, 2876, 4937, 2431, 4023, 2016, 4714, 1412, 2800, 4522, 1456, 1650, 1879, 630, 1181, 904, 421, 1048, 1367, 1773, 1114, 3326, 4343, 3087, 956, 4196, 1803, 4136, 2854, 4530, 3267, 1832, 3115, 520, 4966, 670, 1779, 1922, 3379, 4112, 2384, 15, 890, 2013, 525, 2176, 4357, 1229, 1560, 4715, 2023, 3783, 814, 2597, 994, 370, 4951, 4008, 4688, 1806, 3763, 945, 741, 4366, 2283, 2324, 511, 1483, 543, 266, 2292, 2783, 432, 4483, 293, 2113, 3997, 1119, 3517, 615, 1822, 2817, 2590, 201, 4036, 2090, 448, 4971, 3623, 986, 1005, 1084, 3977, 3420, 4284, 309, 1813, 2908, 2599, 687, 3654, 979, 3575, 1377, 4315, 2576, 2433, 1436, 2289, 3908, 1299, 1562, 855, 3862, 983, 1744, 4117, 4251, 2039, 2607, 2951, 4208, 714, 331, 4802, 4777, 672, 3456, 3259, 4301, 1118, 548, 1187, 471, 2858, 2773, 4039, 4078, 1981, 1047, 1163, 2511, 736, 2243, 4381, 4244, 3251, 1777, 805, 92, 3968, 2146, 427, 113, 2477, 1473, 1339, 1652, 2252, 4774, 1951, 1223, 4080, 387, 4202, 4562, 1786, 3377, 4442, 2326, 1972, 4365, 3823, 4398, 4145, 2593, 3180, 2284, 3990, 3399, 1202, 3257, 3586, 1688, 1857, 4382, 2686, 426, 2314, 47, 634, 1087, 4329, 2919, 894, 3307, 2824, 4933, 4762, 2880, 2891, 4509, 4844, 2480, 4604, 200, 518, 1565, 167, 2864, 1153, 4517, 3736, 498, 4069, 4817, 870, 105, 729, 3805, 2421, 77, 1343, 3950, 270, 3281, 3179, 1290, 648, 3544, 85, 4500, 2200, 739, 527, 2862, 194, 4219, 4099, 1930, 4016, 4346, 2327, 3817, 1668, 354, 2382, 4872, 4707, 3393, 1407, 2237, 861, 4472, 4260, 2445, 4631, 593, 4710, 3532, 2786, 3943, 4378, 1474, 2064, 3999, 3802, 2258, 874, 1574, 2588, 108, 1025, 3129, 2079, 841, 2863, 2422, 3944, 1548, 4729, 4155, 1017, 1442, 3166, 1309, 628, 3266, 4494, 1645, 4588, 1610, 1082, 2558, 4418, 2573, 3405, 4183, 1861, 3540, 4677, 2379, 2886, 3938, 2419, 978, 1252, 3042, 2646, 2294, 1883, 4184, 606, 476, 871, 3185, 3304, 2859, 2548, 3528, 4231, 346, 236, 1702, 2596, 124, 4194, 4843, 4654, 4502, 768, 2672, 2541, 2398, 477, 3181, 1793, 1823, 4094, 3630, 130, 3117, 1386, 3969, 903, 2735, 4960, 4866, 1830, 1275, 1409, 4815, 2747, 4895, 1837, 4748, 1581, 2885, 3112, 3275, 39, 3769, 1242, 2250, 3029, 4720, 2235, 2323, 1211, 499, 278, 3436, 1969, 2497, 4370, 2466, 4412, 1935, 2281, 1890, 1350, 2840, 674, 4975, 2532, 4717, 4839, 468, 1527, 3500, 2921, 546, 4725, 253, 995, 2831, 4858, 4405, 2031, 2655, 4158, 2750, 4188, 859, 1785, 2630, 1915, 2063, 3228, 4161, 412, 1846, 2746, 3684, 1673, 1991, 1077, 208, 4151, 650, 1770, 1297, 3537, 2627, 441, 2308, 4401, 2132, 773, 4220, 1769, 3569, 4652, 4740, 4012, 2603, 514, 4601, 168, 3351, 4638, 327, 3373, 4569, 4446, 3303, 3937, 1897, 475, 4459, 3013, 3238, 2357, 2386, 524, 1865, 3288, 4626, 530, 2404, 1710, 2899, 1302, 1855, 3917, 376, 1734, 1681, 1139, 3017, 3633, 1893, 879, 688, 731, 164, 2328, 4900, 1678, 2569, 4064, 1687, 1958, 2481, 1943, 2810, 3523, 3738, 2980, 4909, 856, 3836, 3049, 1694, 2815, 3134, 1415, 4947, 1559, 586, 4607, 2986, 2833, 2198, 3135, 4199, 2056, 2653, 3886, 2895, 3512, 3147, 2137, 4266, 4724, 3952, 2192, 3051, 3563, 4984, 3659, 2385, 3414, 603, 2080, 2534, 2774, 2127, 1812, 1656, 3973, 1707, 3273, 3113, 4243, 4767, 4106, 255, 3515, 4996, 1578, 3360, 711, 4941, 1731, 2164, 3493, 1157, 1400, 3445, 4325, 4976, 1303, 3679, 4755, 2489, 493, 1470, 4392, 3395, 709, 1859, 3726, 2482, 4490, 2059, 618, 922, 4582, 2317, 2788, 1489, 4503, 3118, 4218, 4821, 797, 4863, 4096, 1039, 264, 1682, 456, 4290, 4529, 3850, 3375, 3954, 3759, 602, 1916, 4596, 3671, 3592, 649, 1966, 843, 560, 928, 2931, 2165, 4968, 4059, 3839, 4444, 3845, 3160, 551, 734, 914, 1932, 4250, 3646, 1439, 924, 4107, 2471, 2638, 116, 2141, 1150, 1051, 1453, 1057, 3849, 3998, 712, 680, 3040, 549, 2320, 1021, 3427, 1147, 2905, 4716, 2492, 1604, 2413, 3119, 3965, 1117, 4258, 1112, 3085, 178, 4086, 2102, 2841, 2194, 1871, 696, 2575, 2168, 4102, 2122, 1892, 2556, 2259, 3665, 913, 4709, 1432, 3852, 4888, 1241, 4943, 1606, 1602, 2730, 4791, 4348, 1778, 1636, 3341, 662, 2312, 3846, 2338, 626, 53, 1446, 3558, 1788, 4083, 2103, 1328, 3076, 911, 2565, 4599, 3487, 795, 4303, 2936, 3270, 1342, 3888, 2336, 3010, 867, 785, 2361, 4822, 505, 2789, 2052, 3463, 3212, 2555, 3415, 2547, 3262, 3955, 1526, 2775, 3022, 3935, 4437, 3391, 3439, 589, 249, 2355, 2408, 1977, 2979, 4556, 4038, 2893, 2946, 2451, 774, 2594, 4747, 1679, 3353, 4267, 3193, 4643, 1568, 893, 2845, 4581, 2476, 691, 1065, 2877, 408, 1775, 3774, 4773, 1050, 2160, 4568, 2334, 1711, 610, 750, 3666, 473, 3441, 3309, 702, 4053, 1729, 973, 1511, 4812, 1466, 3880, 63, 3285, 288, 106, 3585, 941, 2391, 2111, 254, 213, 4856, 3255, 2945, 3794, 2291, 810, 742, 888, 2197, 3963, 2245, 3841, 4338, 409, 1217, 1541, 459, 4015, 3526, 1154, 3699, 3480, 3404, 1207, 365, 1764, 2718, 3882, 4972, 1896, 2619, 4718, 2033, 2839, 947, 3821, 4029, 320, 1552, 1079, 3047, 2714, 826, 2412, 2992, 139, 3922, 1418, 1811, 3070, 2819, 3077, 364, 2179, 2533, 851, 1987, 3900, 2914, 1371, 3854, 446, 1622, 2034, 2346, 3757, 2626, 597, 3979, 588, 4511, 4010, 2904, 1028, 1840, 573, 2770, 4808, 2589, 3424, 2915, 3768, 792, 931, 1663, 3389, 3776, 1588, 898, 3978, 414, 3534, 3941, 4216, 799, 4175, 3751, 4152, 3720, 3784, 3511, 3229, 4141, 3402, 1768, 4286, 3760, 3253, 3804, 1600, 2055, 1664, 2066, 33, 1782, 4614, 345, 276, 457, 1929, 3948, 1911, 1007, 2755, 1998, 1978, 755, 2069, 3025, 2981, 3756, 1717, 1266, 678, 3842, 508, 2756, 532, 2057, 2015, 3481, 961, 4579, 1305, 996, 2392, 3606, 3334, 786, 2293, 2616, 1137, 2236, 1579, 1326, 2189, 4787, 3561, 3887, 789, 1276, 1510, 2897, 4354, 2909, 2330, 1708, 1745, 3696, 1200, 2086, 2249, 2214, 265, 3895, 3899, 1899, 4492, 1425, 3041, 2602, 4619, 552, 727, 2107, 2913, 3374, 1787, 4690, 2426, 2937, 1756, 901, 22, 352, 1136, 4138, 1791, 447, 2661, 4397, 1536, 2248, 1249, 1365, 2264, 944, 148, 1545, 483, 4214, 1828, 880, 4209, 780, 2623, 2088, 3407, 4680, 3721, 3485, 2684, 189, 2639, 1411, 3989, 4869, 3105, 3479, 4289, 2689, 2129, 3901, 2671, 4359, 737, 2415, 2372, 2414, 776, 2313, 2584, 2020, 816, 3058, 2076, 2693, 3171, 1369, 3951, 579, 4949, 4114, 3080, 3628, 3870, 1994, 2969, 934, 1034, 2187, 4857, 4424, 1024, 2522, 3061, 2634, 1946, 4268, 2123, 1917, 504, 4883, 3082, 2229, 176, 884, 4769, 290, 1802, 478, 2341, 4852, 1240, 2947, 3615, 2444, 965, 182, 3205, 2203, 3033, 4611, 2801, 4692, 1833, 1416, 1569, 1267, 2028, 740, 4516, 4371, 1582, 1469, 2927, 1685, 3024, 495, 1149, 1626, 746, 1995, 2962, 1667, 1519, 700, 2082, 3068, 1196, 2997, 3426, 2298, 3682, 3827, 794, 2278, 3583, 3855, 2343, 1338, 177, 324, 2133, 4293, 3352, 1262, 1985, 2694, 555, 1753, 2362, 3614, 1728, 428, 4433, 4922, 3163, 2143, 3249, 2053, 4653, 1509, 321, 3729, 3014, 2792, 3893, 1, 1447, 3411, 980, 1854, 1595, 2624, 1719, 3636, 1605, 347, 4820, 3519, 2540, 4088, 682, 380, 4788, 637, 2724, 1256, 679, 873, 1629, 3064, 4510, 540, 3567, 2352, 4416, 1315, 4465, 3095, 1926, 567, 2561, 1657, 2077, 584, 1069, 418, 3620, 2751, 4759, 3697, 2793, 2687, 4333, 3292, 454, 1941, 1724, 3907, 4172, 2636, 2692, 318, 4798, 4957, 2246, 304, 2510, 2790, 4037, 1129, 831, 3509, 4295, 1851, 1130, 3489, 4403, 2287, 2883, 3252, 2644, 4665, 3926, 2021, 482, 3675, 2535, 3529, 48, 4726, 1862, 235, 3197, 1417, 1639, 2958, 4873, 1332, 1543, 4192, 4543, 585, 3099, 3126, 4230, 4589, 1514, 2941, 2760, 580, 4672, 1796, 3610, 4009, 3152, 1397, 1461, 1938, 3320, 515, 3597, 811, 2463, 1959, 2723, 1437, 3043, 3773, 3176, 4090, 1901, 4993, 1357, 295, 1544, 3502, 4133, 2007, 269, 2098, 3227, 559, 1789, 2305, 3230, 4131, 4739, 3548, 3731, 3514, 3967, 3826, 2196, 2138, 137, 3581, 286, 2226, 2552, 4377, 4262, 2698, 2005, 599, 2358, 3072, 3554, 4637, 2650, 823, 1722, 3361, 1457, 663, 4110, 3204, 4451, 1080, 2019, 1748, 2654, 1831, 362, 3742, 2701, 4252, 4983, 67, 2959, 565, 747, 4646, 677, 3618, 4189, 4028, 876, 481, 1353, 1874, 2121, 4060, 2780, 4799, 4356, 3790, 920, 1962, 3462, 4368, 910, 2501, 1993, 4150, 1973, 4967, 2752, 4663, 638, 2465, 3708, 3397, 4913, 4563, 1210, 4163, 2707, 954, 1254, 2745, 1615, 1040, 2368, 2410, 3124, 3642, 1783, 1919, 837, 1471, 1172, 2467, 2923, 3559, 2791, 2073, 3132, 199, 2551, 3196, 1967, 2651, 1092, 4538, 4555, 4048, 4066, 140, 3433, 1310, 2144, 3847, 57, 3591, 1405, 4318, 3496, 1774, 4848, 2485, 231, 3691, 0]}
